
$orca_hessian_file

$act_atom
  0

$act_coord
  0

$act_energy
    -1161.019979

$hessian
18
                    0                  1                  2                  3                  4        
    0      1.8726947146E-01   1.3415409677E-01   9.7364829843E-02  -1.8938501459E-01  -1.5242592079E-01
    1      1.3415409677E-01   1.8474122697E-01   1.2335027520E-01  -1.2126897729E-01  -1.6533886264E-01
    2      9.7364829843E-02   1.2335027520E-01   1.3668330332E-01  -7.9531190313E-02  -1.0945662997E-01
    3     -1.8938501459E-01  -1.2126897729E-01  -7.9531190313E-02   3.9509042347E-01   4.3022615722E-02
    4     -1.5242592079E-01  -1.6533886264E-01  -1.0945662997E-01   4.3022615722E-02   3.1048470691E-01
    5     -1.1304615885E-01  -1.1915969594E-01  -1.1793158336E-01  -5.8819637406E-02   2.3878297001E-01
    6      1.7530897787E-02  -1.2131032607E-02  -2.0269670399E-02  -1.7946177017E-01   1.0171633027E-01
    7      1.5259147994E-02  -1.4590888554E-02  -2.2349110251E-02   7.2221610569E-02  -1.0177286000E-01
    8      1.1249642035E-02  -1.2609859423E-02  -1.7120190059E-02   1.3395188573E-01  -1.2161994335E-01
    9      1.5271353509E-04   7.5663668002E-04   8.4951530223E-04   1.0014738196E-03  -8.7091275734E-04
   10      2.1928085834E-04  -4.8648036155E-04  -3.0990453538E-04  -1.7371847222E-03   1.0683156942E-03
   11      2.3729429079E-04  -3.8946839178E-04   2.3444414411E-04   2.2810383914E-03  -2.9090881916E-04
   12     -3.5011153824E-03  -2.5904622300E-03  -1.5650641615E-03  -9.5645992762E-03   9.2194190635E-03
   13     -8.0543790061E-05   1.2186276723E-03   1.9002360600E-03   7.9334451365E-03   2.1758053863E-03
   14      1.1386392862E-03   3.4043555666E-03   2.0769943030E-03   1.1670522528E-02  -7.8396464291E-03
   15      3.8164685947E-04   1.3248855713E-03   1.3556595422E-03   1.2813246013E-03   3.7924034720E-04
   16      8.8413519874E-04   1.4626097527E-03  -1.6665124397E-05   2.5588928387E-03  -4.4380834870E-03
   17      8.6255220532E-04  -4.5341959338E-04  -9.8677845931E-04  -1.2757229600E-03  -1.4241977597E-03
                    5                  6                  7                  8                  9        
    0     -1.1304615885E-01   1.7530897787E-02   1.5259147994E-02   1.1249642035E-02   1.5271353509E-04
    1     -1.1915969594E-01  -1.2131032607E-02  -1.4590888554E-02  -1.2609859423E-02   7.5663668002E-04
    2     -1.1793158336E-01  -2.0269670399E-02  -2.2349110251E-02  -1.7120190059E-02   8.4951530223E-04
    3     -5.8819637406E-02  -1.7946177017E-01   7.2221610569E-02   1.3395188573E-01   1.0014738196E-03
    4      2.3878297001E-01   1.0171633027E-01  -1.0177286000E-01  -1.2161994335E-01  -8.7091275734E-04
    5      3.6572670824E-01   1.6784624198E-01  -1.1184365287E-01  -2.0563011639E-01   4.1910815409E-05
    6      1.6784624198E-01   1.6570634078E-01  -8.1642412966E-02  -1.4374851875E-01  -2.2043505816E-03
    7     -1.1184365287E-01  -8.1642412966E-02   1.2062241253E-01   1.3183334279E-01   1.5874734179E-03
    8     -2.0563011639E-01  -1.4374851875E-01   1.3183334279E-01   2.2703077544E-01  -2.0158977081E-03
    9      4.1910815409E-05  -2.2043505816E-03   1.5874734179E-03  -2.0158977081E-03   2.3453682612E-01
   10      1.4735144281E-03   2.7709947641E-03  -1.8168909504E-03  -1.9129538436E-03  -1.8279045678E-01
   11     -4.4257594730E-03  -2.8179467481E-03  -6.4874699782E-04   6.3243376599E-03   1.0078270720E-01
   12      1.5067404828E-02   3.4940696842E-03  -2.9991799676E-03  -4.6536612051E-03  -2.4507026175E-01
   13     -8.4634326847E-03  -3.4544760785E-03  -1.0961046463E-02   3.1692427163E-03   2.0634605497E-01
   14     -5.2689556526E-03  -4.6652783239E-03   1.8857961436E-03  -9.2571824456E-03  -1.1038120806E-01
   15     -1.8363369957E-03  -3.1980737983E-03  -3.0002709076E-03   1.9445685430E-03   1.7115878160E-02
   16     -2.7652943840E-03  -4.5995609876E-03   6.2263564875E-03   4.1737006739E-03  -1.9809471654E-02
   17      2.5506066355E-04   2.2838979517E-03   3.6423849176E-03  -4.8016325982E-04   1.0171234314E-02
                   10                 11                 12                 13                 14        
    0      2.1928085834E-04   2.3729429079E-04  -3.5011153824E-03  -8.0543790061E-05   1.1386392862E-03
    1     -4.8648036155E-04  -3.8946839178E-04  -2.5904622300E-03   1.2186276723E-03   3.4043555666E-03
    2     -3.0990453538E-04   2.3444414411E-04  -1.5650641615E-03   1.9002360600E-03   2.0769943030E-03
    3     -1.7371847222E-03   2.2810383914E-03  -9.5645992762E-03   7.9334451365E-03   1.1670522528E-02
    4      1.0683156942E-03  -2.9090881916E-04   9.2194190635E-03   2.1758053863E-03  -7.8396464291E-03
    5      1.4735144281E-03  -4.4257594730E-03   1.5067404828E-02  -8.4634326847E-03  -5.2689556526E-03
    6      2.7709947641E-03  -2.8179467481E-03   3.4940696842E-03  -3.4544760785E-03  -4.6652783239E-03
    7     -1.8168909504E-03  -6.4874699782E-04  -2.9991799676E-03  -1.0961046463E-02   1.8857961436E-03
    8     -1.9129538436E-03   6.3243376599E-03  -4.6536612051E-03   3.1692427163E-03  -9.2571824456E-03
    9     -1.8279045678E-01   1.0078270720E-01  -2.4507026175E-01   2.0634605497E-01  -1.1038120806E-01
   10      2.5121068691E-01  -1.1941691455E-01   1.5596212673E-01  -2.1889600006E-01   1.0529195888E-01
   11     -1.1941691455E-01   7.8902013170E-02  -9.1524263539E-02   1.1371144520E-01  -7.1479520475E-02
   12      1.5596212673E-01  -9.1524263539E-02   4.4345604168E-01  -1.3459459474E-02   4.6278625010E-02
   13     -2.1889600006E-01   1.1371144520E-01  -1.3459459474E-02   5.2591068300E-01  -1.9488646019E-01
   14      1.0529195888E-01  -7.1479520475E-02   4.6278625010E-02  -1.9488646019E-01   1.1855984297E-01
   15      2.8011409509E-02  -9.8804250042E-03  -1.7639888869E-01  -1.8941075534E-01   5.8965969712E-02
   16     -2.8218353217E-02   8.5533853007E-03  -1.3958427523E-01  -2.7792305445E-01   8.5831223875E-02
   17      1.5513599521E-02  -3.8428574102E-03   3.8978309249E-02   7.9449505736E-02  -4.1434993691E-02
                   15                 16                 17        
     0      3.8164685947E-04   8.8413519874E-04   8.6255220532E-04
     1      1.3248855713E-03   1.4626097527E-03  -4.5341959338E-04
     2      1.3556595422E-03  -1.6665124397E-05  -9.8677845931E-04
     3      1.2813246013E-03   2.5588928387E-03  -1.2757229600E-03
     4      3.7924034720E-04  -4.4380834870E-03  -1.4241977597E-03
     5     -1.8363369957E-03  -2.7652943840E-03   2.5506066355E-04
     6     -3.1980737983E-03  -4.5995609876E-03   2.2838979517E-03
     7     -3.0002709076E-03   6.2263564875E-03   3.6423849176E-03
     8      1.9445685430E-03   4.1737006739E-03  -4.8016325982E-04
     9      1.7115878160E-02  -1.9809471654E-02   1.0171234314E-02
    10      2.8011409509E-02  -2.8218353217E-02   1.5513599521E-02
    11     -9.8804250042E-03   8.5533853007E-03  -3.8428574102E-03
    12     -1.7639888869E-01  -1.3958427523E-01   3.8978309249E-02
    13     -1.8941075534E-01  -2.7792305445E-01   7.9449505736E-02
    14      5.8965969712E-02   8.5831223875E-02  -4.1434993691E-02
    15      1.6937248298E-01   1.5766032060E-01  -4.8762195396E-02
    16      1.5766032060E-01   3.0391292023E-01  -9.3599927329E-02
    17     -4.8762195396E-02  -9.3599927329E-02   5.5707134363E-02

$vibrational_frequencies
18
    0        0.000000
    1        0.000000
    2        0.000000
    3        0.000000
    4        0.000000
    5        0.000000
    6      298.331191
    7      637.123346
    8      719.094757
    9      783.211137
   10      838.316880
   11      948.907782
   12     1737.044704
   13     1777.362591
   14     3373.444471
   15     3412.039509
   16     3497.266187
   17     3677.009708

$normal_modes
18 18
                    0                  1                  2                  3                  4        
    0      0.0000000000E+00   0.0000000000E+00   0.0000000000E+00   0.0000000000E+00   0.0000000000E+00
    1      0.0000000000E+00   0.0000000000E+00   0.0000000000E+00   0.0000000000E+00   0.0000000000E+00
    2      0.0000000000E+00   0.0000000000E+00   0.0000000000E+00   0.0000000000E+00   0.0000000000E+00
    3      0.0000000000E+00   0.0000000000E+00   0.0000000000E+00   0.0000000000E+00   0.0000000000E+00
    4      0.0000000000E+00   0.0000000000E+00   0.0000000000E+00   0.0000000000E+00   0.0000000000E+00
    5      0.0000000000E+00   0.0000000000E+00   0.0000000000E+00   0.0000000000E+00   0.0000000000E+00
    6      0.0000000000E+00   0.0000000000E+00   0.0000000000E+00   0.0000000000E+00   0.0000000000E+00
    7      0.0000000000E+00   0.0000000000E+00   0.0000000000E+00   0.0000000000E+00   0.0000000000E+00
    8      0.0000000000E+00   0.0000000000E+00   0.0000000000E+00   0.0000000000E+00   0.0000000000E+00
    9      0.0000000000E+00   0.0000000000E+00   0.0000000000E+00   0.0000000000E+00   0.0000000000E+00
   10      0.0000000000E+00   0.0000000000E+00   0.0000000000E+00   0.0000000000E+00   0.0000000000E+00
   11      0.0000000000E+00   0.0000000000E+00   0.0000000000E+00   0.0000000000E+00   0.0000000000E+00
   12      0.0000000000E+00   0.0000000000E+00   0.0000000000E+00   0.0000000000E+00   0.0000000000E+00
   13      0.0000000000E+00   0.0000000000E+00   0.0000000000E+00   0.0000000000E+00   0.0000000000E+00
   14      0.0000000000E+00   0.0000000000E+00   0.0000000000E+00   0.0000000000E+00   0.0000000000E+00
   15      0.0000000000E+00   0.0000000000E+00   0.0000000000E+00   0.0000000000E+00   0.0000000000E+00
   16      0.0000000000E+00   0.0000000000E+00   0.0000000000E+00   0.0000000000E+00   0.0000000000E+00
   17      0.0000000000E+00   0.0000000000E+00   0.0000000000E+00   0.0000000000E+00   0.0000000000E+00
                    5                  6                  7                  8                  9        
    0      0.0000000000E+00   1.8416384811E-01   3.2359493532E-02   4.9223947222E-01   8.1854261140E-02
    1      0.0000000000E+00  -1.4160179853E-01  -1.3665524661E-03  -1.7732795161E-01   8.2584574648E-02
    2      0.0000000000E+00  -2.2872336768E-01  -4.0398276138E-02  -3.8332962650E-01  -2.4351387324E-01
    3      0.0000000000E+00   2.8706290786E-01  -1.2065156424E-02  -2.5850230406E-03  -1.5477563401E-02
    4      0.0000000000E+00  -1.6777992546E-01   2.9367533795E-02   1.1768164110E-02  -2.5585908931E-02
    5      0.0000000000E+00  -2.9046594745E-01  -2.0146996843E-02   1.9857081052E-02   2.1143780826E-02
    6      0.0000000000E+00   4.0650479804E-01   3.2272621994E-02  -5.8103229012E-01  -2.0224348975E-01
    7      0.0000000000E+00  -1.8622796424E-01  -3.1071444337E-01  -2.8538431475E-01   1.2424085974E-01
    8      0.0000000000E+00  -1.9871717556E-01   2.4056758743E-01  -2.6577154423E-01  -2.1428738646E-01
    9      0.0000000000E+00  -2.9901720654E-01   2.7981534597E-01   2.6503191218E-02  -1.4231510149E-01
   10      0.0000000000E+00   1.1978729397E-01  -1.7831119630E-01   9.1408059232E-02  -3.1928888051E-01
   11      0.0000000000E+00   2.1492402675E-01  -7.8634427494E-01   1.2744559919E-01  -3.4889162224E-01
   12      0.0000000000E+00  -2.8997794765E-01   3.9538052233E-03   1.0386174716E-02   1.3328246173E-02
   13      0.0000000000E+00   1.7334172279E-01  -9.9695695247E-03   4.0345917493E-03   5.5378253785E-02
   14      0.0000000000E+00   2.9198856985E-01   4.6177736503E-02  -4.1074220902E-04   6.7162423350E-02
   15      0.0000000000E+00  -2.4538385869E-01  -2.1570390211E-01  -6.1530438450E-02   2.9681834431E-01
   16      0.0000000000E+00   1.1976548916E-01   1.8250724138E-01   1.2048248987E-01  -3.6040136075E-01
   17      0.0000000000E+00   1.8834941746E-01   1.7301444398E-01   2.1300281842E-01  -5.9490529327E-01
                   10                 11                 12                 13                 14        
    0     -1.7437473057E-01  -1.5343499599E-01  -5.1070012356E-01  -1.7071094922E-01   5.9489046370E-01
    1      5.3119490211E-01   2.2814044918E-01   1.9327651218E-01   6.7916653324E-02   6.2511650219E-01
    2     -4.6055712649E-01  -9.1112638551E-02   4.0226816796E-01   1.2073938212E-01   4.9244900548E-01
    3      8.4273787808E-03   2.1584680042E-02   6.3992131844E-02   2.1198463146E-02  -3.4739555840E-02
    4     -2.8099347587E-02  -3.0963811618E-02   1.0099763299E-02   2.5777739613E-03  -3.9191054203E-02
    5      2.6207938374E-02   1.9603471337E-02  -1.1759405980E-02  -3.5093879753E-03  -3.1844231805E-02
    6      8.8432172050E-02  -1.0140820080E-01  -5.1385615275E-01  -1.8643961113E-01  -3.1402075107E-02
    7     -2.3835596720E-01   6.3859476412E-01  -3.5829429335E-01  -1.2619421560E-01  -1.2862248525E-02
    8      2.2007644520E-01  -5.0141171948E-01  -1.9780819998E-01  -5.7490439495E-02  -1.9668529497E-03
    9     -2.9389035161E-01   9.9697512352E-02  -1.7667210318E-01   4.8360537482E-01  -9.7643638025E-03
   10     -2.1745269733E-01  -5.4104631735E-02  -1.4997753375E-01   4.2257095089E-01   1.8504983946E-02
   11      5.7640474626E-02  -2.2975810426E-01   3.5445460191E-02  -1.2068495542E-01  -7.9445047452E-03
   12     -1.5717800574E-03  -4.3478335841E-03   2.2916115836E-02  -6.5091057782E-02   2.6178109069E-03
   13      2.5267440859E-02  -3.0525862118E-02   4.2966603011E-03  -4.2622426993E-03   3.8740831375E-03
   14     -3.8859828302E-02   8.8488958514E-03   2.7463020962E-03  -3.1965970062E-03  -1.9645827716E-05
   15      2.7102068397E-01  -1.1843795294E-01  -1.7818139694E-01   5.7020949267E-01  -4.3886924406E-02
   16     -3.0438146565E-02   1.6333498400E-01   8.6494936766E-02  -3.3755746070E-01  -7.0207431979E-02
   17      3.8365130484E-01   3.7068581284E-01  -9.6849228719E-02   1.6387356608E-01   2.3206576669E-02
                   15                 16                 17        
     0      1.6732959070E-02   4.7795920559E-02   5.0031570978E-03
     1      4.6049134838E-02   3.8155251453E-02   7.8099281823E-03
     2      4.6846660439E-02   3.0496108480E-02   2.9378992286E-03
     3     -3.3268440335E-02   1.1152684156E-02   2.0980295887E-03
     4      2.3396379827E-02  -1.3787963013E-02  -2.2878424319E-03
     5      3.7790473405E-02  -1.9428936377E-02  -2.9433089530E-03
     6      4.9117007309E-01  -2.2498257725E-01  -3.8687049889E-02
     7     -4.1413665089E-01   1.8034353652E-01   2.7253011538E-02
     8     -6.4310013191E-01   2.7952209527E-01   4.4008059464E-02
     9      6.3242121228E-02   2.2763663116E-02   6.3903638130E-01
    10     -7.8609618014E-02  -7.4931501821E-02  -6.6854566243E-01
    11      2.9330371127E-02   3.3300196001E-02   3.5520844281E-01
    12     -1.6064792583E-02  -3.1419012019E-02  -3.5354979505E-02
    13     -1.4988430623E-02  -4.1593659707E-02   4.6223876092E-02
    14      4.6639035987E-03   1.2667193502E-02  -2.3290873614E-02
    15      2.1187309409E-01   4.7609063195E-01  -7.7497387611E-02
    16      3.1324596412E-01   7.3545114826E-01  -6.3871049640E-02
    17     -1.0691378227E-01  -2.3599585585E-01   1.4235168826E-02

#
# The atoms: label  mass x y z (in bohrs)
#
$atoms
6
 H      1.00800    -13.284762377842    -6.472876472789    -6.478120035237
 O     15.99900    -14.430789060106    -7.631763310900    -7.373880312683
 H      1.00800    -13.346197465380    -8.436783130806    -8.642549631881
 H      1.00800     -9.812581728063   -10.805088938515   -10.126376527204
 O     15.99900    -11.039347217373    -9.606850117093   -10.774050412272
 H      1.00800    -10.006373512224    -8.137844483885   -11.220984514224

$actual_temperature
  0.000000

$frequency_scale_factor
  1.000000

$dipole_derivatives
18
    1.9467681098E-01   -9.1706230072E-02   -5.3751465805E-02
   -6.0988564908E-02    2.5897671219E-01   -3.0264467884E-02
   -2.8087725738E-02   -2.9138247569E-02    3.0362778638E-01
   -5.8634367623E-01    2.1201394500E-01    1.9051696961E-01
    1.9619799381E-01   -6.3644695729E-01    4.7858921278E-03
    1.7233821902E-01    9.5389075398E-03   -7.3813634502E-01
    4.7082106056E-01   -1.7029946646E-01   -2.6092113149E-01
   -1.6427290966E-01    3.3476469132E-01    1.6123191412E-01
   -2.4454426571E-01    1.5757643440E-01    4.8791650520E-01
    2.1380267824E-01    1.2908756074E-02   -1.4340790906E-02
    2.4030305147E-02    3.2148209925E-01    2.6877254319E-02
   -1.9589914109E-02    1.3895706618E-02    2.9298533566E-01
   -4.8409680481E-01    1.1029674274E-01    1.6023707097E-01
    1.1237197338E-01   -4.8785029552E-01   -1.3413573604E-01
    1.5302694449E-01   -1.2898628277E-01   -6.7441707605E-01
    2.1682313649E-01   -4.5063256408E-02   -4.8099763205E-03
   -6.7239658276E-02    2.4776488012E-01   -1.1948870082E-03
   -1.3057887145E-04    4.4212357665E-03    3.3999277020E-01

#
# The IR spectrum
#  wavenumber eps Int TX TY TZ
#
$ir_spectrum
18
      0.00   0.00000000   0.00000000     0.000000     0.000000     0.000000
      0.00   0.00000000   0.00000000     0.000000     0.000000     0.000000
      0.00   0.00000000   0.00000000     0.000000     0.000000     0.000000
      0.00   0.00000000   0.00000000     0.000000     0.000000     0.000000
      0.00   0.00000000   0.00000000     0.000000     0.000000     0.000000
      0.00   0.00000000   0.00000000     0.000000     0.000000     0.000000
    298.33   0.00182751   9.23548906     0.025307    -0.020478    -0.029186
    637.12   0.00643045  32.49685163     0.011986    -0.031241    -0.045055
    719.09   0.00211764  10.70165993    -0.016568    -0.017756    -0.018144
    783.21   0.04627554 233.85763120     0.007687    -0.044678    -0.127995
    838.32   0.00090869   4.59213940    -0.011212     0.007348     0.012591
    948.91   0.01941343  98.10751814    -0.024273     0.072182    -0.024185
   1737.04   0.03002636 151.74089602    -0.070086     0.001378     0.021915
   1777.36   0.00727012  36.74020897     0.033040     0.007107     0.011589
   3373.44   0.00520697  26.31390371     0.006698     0.012920     0.016428
   3412.04   0.12425451 627.93135957     0.068198    -0.037086    -0.073061
   3497.27   0.02587450 130.75909427    -0.018042     0.039460     0.020643
   3677.01   0.01220053  61.65648762     0.010480    -0.026191     0.015480


$end

